global w10 w1 w20 w2
%liczba neuronów ukrytych: 8, liczba wejœæ sieci: 4
%wejœcie 1: u(k-4)
%wejœcie 2: u(k-5)
%wejœcie 3: y(k-1)
%wejœcie 4: y(k-2)
%uczenie w trybie OE
w10(1,1)=1.4594728151e+000; w1(1,1)=1.6765022409e-002; w1(1,2)=2.0216195810e-001; w1(1,3)=3.4493359452e-002; w1(1,4)=-6.6718538571e-001; 
w10(2,1)=-2.0655414970e-001; w1(2,1)=-1.2142803723e+000; w1(2,2)=-7.5068149697e-001; w1(2,3)=1.9304969120e-001; w1(2,4)=-4.5531915778e-001; 
w10(3,1)=-3.3438850402e-001; w1(3,1)=-1.4938460606e+000; w1(3,2)=-3.9430635294e-001; w1(3,3)=2.7541325059e-001; w1(3,4)=-7.0171397425e-001; 
w10(4,1)=-4.9144423335e-001; w1(4,1)=1.8495309132e-001; w1(4,2)=-3.3207418078e-001; w1(4,3)=-5.0816508005e-001; w1(4,4)=5.5719773048e-002; 
w10(5,1)=7.2458906310e-001; w1(5,1)=1.8501251311e+000; w1(5,2)=3.1472578002e+000; w1(5,3)=4.8853943423e-001; w1(5,4)=1.6634641012e-001; 
w10(6,1)=4.4547669548e-001; w1(6,1)=-9.9783884783e-001; w1(6,2)=-1.2775921205e+000; w1(6,3)=-3.1608263775e-001; w1(6,4)=8.3061846775e-001; 
w10(7,1)=-5.0309925609e-001; w1(7,1)=-6.2050982768e-001; w1(7,2)=1.5531193651e-001; w1(7,3)=2.3331995302e-001; w1(7,4)=-5.4077538814e-001; 
w10(8,1)=-1.9571460002e-003; w1(8,1)=-1.1770547226e-001; w1(8,2)=2.9265125013e-001; w1(8,3)=-6.2998803060e-001; w1(8,4)=2.8203702702e-001; 
w20=-1.0175761511e-002; w2(1)=-6.7634469725e-001; w2(2)=3.6131278586e-001; w2(3)=-2.2077951229e-001; w2(4)=-1.2313607261e+000; w2(5)=1.0901251110e-002; w2(6)=-7.3017485522e-002; w2(7)=-1.7325967185e-001; w2(8)=-1.1469235420e+000; 

